521.165508    -563.174983    433.025581    
522.972290    -567.157227    501.285278    
542.203735    -580.913208    556.309204    
503.797457    -574.251883    607.197529    
465.690434    -642.648655    723.082680    
457.619881    -663.469148    757.354922    
462.470964    -684.075663    813.975129    
480.375893    -711.760795    882.522893    
489.813424    -704.159641    1069.243484    
466.331822    -684.535586    1156.044350    
458.424553    -677.245613    1196.135185    
462.627808    -677.204956    1296.235840    
543.045405    -685.745667    1382.969714    
537.886949    -682.990854    1440.579597    
536.348313    -678.609406    1497.001233    
532.692993    -684.083008    1519.227173    
521.427002    -690.960938    1567.372925    
512.198120    -690.960938    1622.396851    
498.313599    -697.838867    1677.420776    
492.016138    -704.524240    1708.431412    
483.836261    -724.646079    1774.212215    
484.448914    -731.921168    1804.212144    
477.976321    -725.305629    1851.263131    
475.835495    -732.448012    1918.260806    
483.143473    -750.313309    1966.823784    
469.536075    -745.948285    2045.901538    
470.211946    -437.004854    2049.221486    
460.510986    -470.865356    1973.174194    
467.120605    -477.743408    1911.272339    
465.949829    -477.743408    1876.882446    
478.307772    -484.863068    1757.935212    
491.623169    -498.377319    1677.420776    
507.934228    -505.643543    1609.630086    
517.618959    -498.606529    1553.364007    
523.985660    -498.610226    1491.720213    
525.728761    -498.435051    1423.129640    
534.402588    -477.743408    1333.521484    
462.751248    -463.840610    1274.457220    
472.157474    -470.921136    1185.906437    
468.054718    -484.877242    1154.500739    
786.372341    -518.793909    1086.701704    
459.113992    -587.951250    966.308202    
760.623932    -615.201696    831.082682    
470.759071    -574.087158    709.302912    
471.909254    -560.751893    696.201107    
459.633747    -482.848881    740.641454    
476.704597    -435.303056    773.173164    
503.895752    -370.523438    824.550537    
507.424947    -360.997492    867.482587    
512.078125    -319.549805    913.964355    
523.272904    -291.873479    948.708757    
530.648259    -257.694109    1016.940582    
561.808716    -202.624023    1092.791992    
571.670776    -161.355957    1154.693848    
596.423462    -126.966064    1202.839844    
583.734009    -140.722168    1189.083862    
634.522325    -506.022431    553.482672    
486.653931    -759.740845    693.868896    
496.944312    -801.290057    776.545550    
510.889519    -862.936231    858.741878    
548.597900    -952.324341    962.110352    
550.446655    -979.836304    1037.768188    
575.173950    -1096.762085    1140.937866    
