797.747559    -766.294434    656.776978    
534.284180    -820.338135    757.963257    
520.773315    -739.272461    717.330444    
628.860840    -691.984131    689.428467    
665.683105    -759.538818    736.676514    
622.105347    -817.575928    756.942993    
581.572510    -854.115479    766.665283    
588.328003    -874.381836    775.189575    
574.817017    -1056.779541    806.156982    
581.572510    -1083.801514    796.440796    
588.328003    -1124.334229    792.375000    
595.083496    -1178.378052    789.620239    
601.838867    -1245.932739    786.382446    
615.349854    -1279.710083    772.071655    
655.882690    -1381.042114    730.400635    
669.393555    -1431.139893    716.410156    
682.904541    -1482.374146    693.265991    
682.904541    -1516.151489    683.816162    
689.660034    -1583.706177    673.053101    
696.415527    -1691.793701    639.651978    
689.660034    -1759.348389    622.792236    
696.415527    -1826.903076    603.180176    
709.926392    -1887.702271    619.958374    
736.948242    -1995.789795    627.402954    
734.369263    -2029.567139    675.877319    
750.459229    -2032.899902    709.654663    
426.196655    -2037.138428    709.654663    
439.707642    -2022.562988    655.610962    
466.729492    -1921.479736    613.099854    
455.364014    -1860.680420    608.322632    
453.218628    -1790.321289    601.567139    
459.973999    -1732.326538    622.259888    
471.849976    -1664.771851    635.344482    
459.973999    -1600.689331    669.121826    
466.729492    -1556.684326    676.941284    
485.876465    -1495.885132    675.877319    
493.751465    -1354.020264    746.086792    
486.995972    -1266.199097    767.531128    
493.751465    -1205.399902    782.147583    
501.195679    -1104.067871    777.209351    
520.773315    -1043.268677    802.872192    
520.773315    -928.425659    780.300781    
507.262329    -847.360107    776.505981    
500.506836    -746.028076    726.343384    
486.995972    -698.739746    685.483154    
384.110962    -793.316162    662.366333    
331.620117    -854.115479    643.784546    
291.087280    -941.936646    635.038452    
257.309937    -983.514648    635.344482    
210.021729    -1050.024048    644.606689    
149.222412    -1131.089722    664.873657    
931.772339    -982.469360    642.099976    
986.900635    -1056.779541    655.251587    
1007.166992    -1077.046021    661.259155    
1061.210938    -1131.089722    680.163818    
799.286743    -860.870850    648.855469    
689.660034    -856.348389    790.720337    
622.105347    -948.692017    796.645142    
574.817017    -1016.246704    812.601196    
574.817017    -886.013916    777.209351    
595.083496    -658.206787    684.575195    
554.550659    -578.951904    696.143677    
561.306152    -563.630371    720.431763    
